11.124033 1.901505 2.129400 2.090965 1.939998 1.727875 2.067441 1.999231 1.926261 2.104654 1.913578 1.986416 1.903557 2.136148 2.188615 2.083495 2.148885 2.270255 2.259962 1.891691 1.957093 1.953435 2.135199 2.056216 1.843417 2.061046 1.972480 1.987979 2.110662 2.103878 2.278539 1.955378 2.043777 2.098899 2.045985 1.905799 2.163194 1.936236 2.099491 2.050195 2.105485 2.080111 1.821105 2.078780 2.102517 2.059375 1.997028 2.063371 2.160251 2.080625 
1.901505 10.886711 2.346276 2.098862 2.134876 1.852952 2.032787 2.159434 2.269685 2.463370 2.146146 2.267084 1.942684 2.073743 1.978075 2.198175 2.164928 2.438246 2.164621 1.952194 1.974582 2.164030 2.168869 1.908607 2.089832 2.033701 2.005254 1.992712 1.795326 2.238492 1.905580 2.081088 1.935755 2.353314 2.336331 2.264621 2.124217 2.152801 2.004745 2.182356 1.919527 2.276153 2.084315 2.214627 1.869487 1.952059 2.020819 2.086789 1.971817 2.154395 
2.129400 2.346276 11.350698 2.008455 1.797884 2.028621 2.162275 2.140671 1.927764 2.102624 2.170955 2.116584 2.019988 1.875565 1.988900 1.810491 1.951744 2.182825 2.024465 2.205030 1.971724 1.974552 2.071921 2.366447 1.977627 2.295064 2.044888 2.136161 1.782878 2.216759 1.873381 1.798361 1.969102 1.888321 1.826066 1.856331 2.198223 2.045561 1.922094 1.862631 2.125843 2.240758 2.009730 2.214537 2.066679 2.106940 2.022324 1.952792 2.076727 1.942606 
2.090965 2.098862 2.008455 11.188418 1.998356 1.918609 2.056480 2.114583 1.835272 2.206767 2.022078 1.893324 2.140378 2.045433 2.038082 2.043832 2.239458 2.136214 2.135743 1.971326 1.954556 2.059687 2.270325 1.899439 2.070293 2.085558 1.916237 2.241207 1.901097 1.968479 1.958472 1.857375 1.951466 2.292716 1.913319 1.887913 1.715455 1.757665 2.075253 2.178572 1.851661 1.807246 1.935333 2.139811 1.972276 1.915102 1.984311 1.929219 2.022481 1.989466 
1.939998 2.134876 1.797884 1.998356 11.225036 2.200085 2.173909 1.834482 2.139431 2.123686 1.972582 2.072723 1.927687 2.154790 2.134375 1.808960 2.215455 1.974087 2.009610 1.834149 1.947932 1.905423 2.085657 2.280465 2.076911 1.773202 2.216021 2.146983 2.171440 2.217240 2.088237 2.084292 2.293459 2.241095 1.890812 1.999987 1.990360 1.963312 1.861192 2.338069 2.082029 1.792081 2.292969 2.163841 2.118805 2.028896 2.408286 1.951146 2.111447 2.073886 
1.727875 1.852952 2.028621 1.918609 2.200085 10.972661 2.075016 2.229472 2.152859 2.303703 2.005226 1.957145 1.977302 1.999220 1.841930 2.198508 2.162516 2.018587 2.162096 2.045943 2.033898 1.901230 1.958916 2.064127 2.046374 2.277662 2.175297 2.023664 2.350705 2.149426 1.937974 2.202758 2.074289 1.917994 2.451243 2.039388 2.120716 2.176873 2.044037 2.080594 1.965613 2.154698 2.086725 1.986770 2.069482 2.269015 2.073363 2.236733 2.175944 2.111674 
2.067441 2.032787 2.162275 2.056480 2.173909 2.075016 11.112804 2.264259 2.010441 2.437598 1.903715 2.218458 1.836268 1.997009 1.918774 2.115176 2.172459 1.964812 1.935316 2.201971 2.126397 1.736185 1.905220 1.965383 2.148390 1.929393 2.226440 2.151181 1.988680 2.044518 2.106974 1.999465 2.091724 2.143630 1.982529 2.008511 2.112808 2.162739 2.136211 2.236859 2.161922 2.088975 2.112991 2.075609 2.125895 1.996304 2.318174 2.146186 2.190622 2.032374 
1.999231 2.159434 2.140671 2.114583 1.834482 2.229472 2.264259 11.266685 1.992554 1.993421 2.270467 2.165633 2.140130 2.326809 2.017359 2.114064 2.152485 2.328285 2.137779 1.951463 2.166447 1.784583 2.013049 2.150657 2.134145 1.971943 1.898158 1.997314 2.041066 1.854628 2.210055 2.109497 2.003440 2.210965 2.156300 2.008501 1.968487 2.026761 2.088891 1.810387 2.150345 2.240325 2.010542 1.942898 1.755672 1.947533 2.100016 2.206660 2.023551 1.920567 
1.926261 2.269685 1.927764 1.835272 2.139431 2.152859 2.010441 1.992554 11.137182 2.115046 2.146471 1.954251 2.017653 1.804614 2.126814 2.186054 2.152066 2.311497 2.242416 2.029710 1.808751 1.958568 2.264658 2.050141 2.158313 1.970513 2.220128 1.794755 2.179288 1.803996 1.834796 2.046700 1.864749 1.774922 1.970811 1.975849 2.056884 2.019601 2.099984 2.206478 2.040980 2.165455 1.951700 2.187716 1.833183 2.070878 2.158944 1.874272 2.131845 2.120926 
2.104654 2.463370 2.102624 2.206767 2.123686 2.303703 2.437598 1.993421 2.115046 11.342821 2.182265 2.290202 1.998457 2.190114 2.166057 2.155009 2.359402 2.343536 2.345892 1.845451 2.077018 2.203228 2.241406 2.103296 2.262750 2.061863 1.991421 2.111115 1.943802 2.223180 2.216531 2.215712 2.294741 2.285806 2.263144 2.130311 2.286908 2.225425 2.212152 2.180506 2.017557 2.300373 2.250833 2.097503 2.227540 1.975443 2.048190 2.150389 2.168429 1.852393 
1.913578 2.146146 2.170955 2.022078 1.972582 2.005226 1.903715 2.270467 2.146471 2.182265 10.818041 2.077307 2.148934 2.312763 1.896280 2.172522 2.024467 1.986517 2.041147 2.111322 2.125701 2.012573 2.130859 2.109295 2.035470 2.106633 2.031227 1.970930 2.235654 2.305421 2.308486 2.293732 2.033786 2.123086 1.937680 1.927677 2.200786 1.905420 2.107138 2.056347 2.254321 2.010531 2.110461 1.889227 2.239525 2.155456 2.211961 2.062702 2.144827 2.006934 
1.986416 2.267084 2.116584 1.893324 2.072723 1.957145 2.218458 2.165633 1.954251 2.290202 2.077307 11.154246 1.718528 2.064906 2.031261 2.090276 1.810299 1.942150 1.908166 2.022443 2.302987 1.943419 1.922235 2.234330 2.142488 2.140647 2.107107 2.221984 2.186892 2.137913 2.035699 2.043287 1.906491 1.894780 2.063590 2.133642 2.300143 1.939019 1.894560 2.164791 2.280333 2.009549 2.156466 1.870731 2.052299 2.370781 2.149428 1.792716 1.855503 2.062778 
1.903557 1.942684 2.019988 2.140378 1.927687 1.977302 1.836268 2.140130 2.017653 1.998457 2.148934 1.718528 10.911974 2.104803 1.972229 2.108195 1.648293 2.136753 2.139280 1.978023 2.274892 1.768247 1.970285 2.162773 1.936395 1.922742 1.970221 1.841283 1.734705 1.985537 2.029690 2.048780 1.703957 1.863385 1.959165 1.747259 2.109313 2.100023 1.962614 2.099028 2.049850 1.917939 1.846031 1.990711 1.916560 1.952671 2.016702 1.880717 2.068915 1.890154 
2.136148 2.073743 1.875565 2.045433 2.154790 1.999220 1.997009 2.326809 1.804614 2.190114 2.312763 2.064906 2.104803 10.852133 1.968557 2.198089 1.648569 2.190163 2.175193 1.928361 1.947555 1.962133 1.970733 1.969823 1.797926 2.088106 2.001649 1.988370 2.063146 1.978988 2.026348 1.990754 1.771910 2.033775 1.980677 2.001407 2.151790 1.944195 2.065338 2.149328 2.148370 1.946686 2.035146 1.977857 2.177754 2.145376 2.050855 2.030212 2.104936 1.979734 
2.188615 1.978075 1.988900 2.038082 2.134375 1.841930 1.918774 2.017359 2.126814 2.166057 1.896280 2.031261 1.972229 1.968557 11.016543 2.337323 2.145571 1.986424 2.322693 2.031367 1.995133 1.983395 1.879122 2.111107 2.042479 1.794264 2.258186 2.076477 2.136984 1.938980 2.015264 1.990412 1.732048 2.143598 1.937583 1.925021 1.918423 2.091129 2.070746 2.155782 1.830776 2.049213 1.941875 1.860331 2.034453 2.017716 2.035597 2.075599 2.057107 2.095492 
2.083495 2.198175 1.810491 2.043832 1.808960 2.198508 2.115176 2.114064 2.186054 2.155009 2.172522 2.090276 2.108195 2.198089 2.337323 11.252536 2.059130 2.258559 1.967467 1.993616 2.156872 2.148100 2.128844 1.877593 2.078522 1.833043 2.120155 2.110189 1.869974 2.067523 1.990816 2.003568 1.922256 2.011157 2.042033 2.260161 2.038594 1.942652 1.806021 2.033529 2.274349 2.001943 1.924103 2.046215 1.915871 2.346101 2.168832 2.021697 2.035391 2.244772 
2.148885 2.164928 1.951744 2.239458 2.215455 2.162516 2.172459 2.152485 2.152066 2.359402 2.024467 1.810299 1.648293 1.648569 2.145571 2.059130 11.184773 2.139661 1.983915 2.163393 1.776292 2.082293 1.809967 2.080122 2.174041 1.737256 2.295747 2.095335 1.898089 1.889197 2.042612 1.944208 2.045122 1.848059 2.223814 2.097301 1.925231 2.161932 2.076983 2.072023 2.146030 2.370085 1.977471 2.040765 2.168272 2.136701 2.077273 1.862435 2.106086 2.036795 
2.270255 2.438246 2.182825 2.136214 1.974087 2.018587 1.964812 2.328285 2.311497 2.343536 1.986517 1.942150 2.136753 2.190163 1.986424 2.258559 2.139661 11.129786 2.491262 1.940517 1.992498 1.989086 2.040152 2.003510 2.084382 2.103088 1.978821 2.213301 1.846228 2.063642 2.099953 2.121100 2.181750 2.072339 2.074490 2.261198 2.129876 1.922126 1.895422 2.144763 1.851096 1.953413 2.153962 1.937516 2.158391 2.141059 1.768612 1.810831 1.910295 2.150867 
2.259962 2.164621 2.024465 2.135743 2.009610 2.162096 1.935316 2.137779 2.242416 2.345892 2.041147 1.908166 2.139280 2.175193 2.322693 1.967467 1.983915 2.491262 11.469236 2.014795 1.895899 1.966695 2.340613 2.072174 2.203821 2.081761 2.086461 2.017064 1.960689 1.939463 2.320434 2.170198 2.030748 2.126190 1.943014 2.121153 1.862771 2.189040 2.110554 2.165557 2.284627 1.880649 2.038387 2.214276 2.085571 2.110085 2.021348 2.099012 2.288302 1.971108 
1.891691 1.952194 2.205030 1.971326 1.834149 2.045943 2.201971 1.951463 2.029710 1.845451 2.111322 2.022443 1.978023 1.928361 2.031367 1.993616 2.163393 1.940517 2.014795 11.169016 2.115648 2.100466 2.075040 1.988606 2.120002 2.004029 2.072071 2.249491 2.034960 2.017496 2.225382 2.261253 2.162045 2.157228 2.078260 2.074171 2.382803 2.124792 2.031129 2.104333 2.148236 2.035164 1.993767 2.083504 2.136264 2.164970 2.228035 2.107956 2.132072 1.896865 
1.957093 1.974582 1.971724 1.954556 1.947932 2.033898 2.126397 2.166447 1.808751 2.077018 2.125701 2.302987 2.274892 1.947555 1.995133 2.156872 1.776292 1.992498 1.895899 2.115648 10.929727 1.893095 1.931566 1.824946 2.072455 1.877972 1.884166 1.812554 2.034429 1.950623 1.956446 1.983293 2.214051 2.125813 2.227879 1.769332 2.201400 2.162672 2.027373 2.137134 1.772729 2.077993 1.892704 1.952772 1.878647 1.935422 1.682296 2.004833 2.454119 2.099474 
1.953435 2.164030 1.974552 2.059687 1.905423 1.901230 1.736185 1.784583 1.958568 2.203228 2.012573 1.943419 1.768247 1.962133 1.983395 2.148100 2.082293 1.989086 1.966695 2.100466 1.893095 11.046628 1.850210 1.812929 1.923304 1.985613 2.050828 1.964208 1.973313 1.848537 2.124458 1.972033 1.635020 1.987832 1.965947 1.881540 2.210961 2.426406 1.830654 2.250508 2.052328 2.052184 1.917499 2.371264 2.270188 1.968771 2.105890 2.078629 2.018556 2.110270 
2.135199 2.168869 2.071921 2.270325 2.085657 1.958916 1.905220 2.013049 2.264658 2.241406 2.130859 1.922235 1.970285 1.970733 1.879122 2.128844 1.809967 2.040152 2.340613 2.075040 1.931566 1.850210 11.092317 1.950131 1.828464 1.881179 2.192763 1.918202 1.961283 1.962762 2.045162 2.198892 1.747762 1.858308 2.008778 2.234571 1.808929 2.308513 1.733970 2.332070 2.118626 2.256186 2.136406 2.136961 2.004788 2.072964 2.120589 2.004798 2.101980 2.183588 
2.056216 1.908607 2.366447 1.899439 2.280465 2.064127 1.965383 2.150657 2.050141 2.103296 2.109295 2.234330 2.162773 1.969823 2.111107 1.877593 2.080122 2.003510 2.072174 1.988606 1.824946 1.812929 1.950131 11.141771 2.103900 2.149709 2.555245 2.350070 2.002673 2.167693 2.043834 2.120444 2.116263 1.984007 2.203018 1.992614 2.120396 1.951240 1.959884 2.115850 2.058741 1.980693 2.111600 2.167194 2.088973 1.907251 2.056066 2.238330 2.067939 2.111877 
1.843417 2.089832 1.977627 2.070293 2.076911 2.046374 2.148390 2.134145 2.158313 2.262750 2.035470 2.142488 1.936395 1.797926 2.042479 2.078522 2.174041 2.084382 2.203821 2.120002 2.072455 1.923304 1.828464 2.103900 11.352483 2.035292 1.922987 2.244594 2.216958 2.165737 2.105130 2.150809 2.059713 1.968648 2.224687 2.163605 1.824628 2.138360 2.145197 2.210597 2.091500 2.123712 2.178174 1.969590 2.078226 2.208615 1.932943 2.036974 2.030118 2.164011 
2.061046 2.033701 2.295064 2.085558 1.773202 2.277662 1.929393 1.971943 1.970513 2.061863 2.106633 2.140647 1.922742 2.088106 1.794264 1.833043 1.737256 2.103088 2.081761 2.004029 1.877972 1.985613 1.881179 2.149709 2.035292 11.064671 2.122407 2.044295 2.027792 1.889771 1.948589 2.046739 2.062737 1.939720 2.017896 2.127548 1.825591 1.668030 1.702222 2.129355 1.851724 1.847404 1.825643 1.998329 2.047337 2.011755 1.907031 2.156791 1.826490 1.983137 
1.972480 2.005254 2.044888 1.916237 2.216021 2.175297 2.226440 1.898158 2.220128 1.991421 2.031227 2.107107 1.970221 2.001649 2.258186 2.120155 2.295747 1.978821 2.086461 2.072071 1.884166 2.050828 2.192763 2.555245 1.922987 2.122407 11.412611 1.853760 2.143185 2.046706 2.269503 2.016809 2.084723 2.104792 2.118113 1.774752 2.003309 2.336787 2.198354 2.194455 2.026826 2.294267 2.097334 2.065653 2.350187 2.044353 2.359276 2.218652 2.195039 2.310182 
1.987979 1.992712 2.136161 2.241207 2.146983 2.023664 2.151181 1.997314 1.794755 2.111115 1.970930 2.221984 1.841283 1.988370 2.076477 2.110189 2.095335 2.213301 2.017064 2.249491 1.812554 1.964208 1.918202 2.350070 2.244594 2.044295 1.853760 11.217990 2.061981 2.108890 2.087370 2.206471 1.828510 2.362923 2.133804 2.315059 2.095381 2.332844 1.820531 2.353197 2.043800 2.161515 2.113479 2.293805 1.899351 2.209299 2.194914 2.133100 2.212423 2.334862 
2.110662 1.795326 1.782878 1.901097 2.171440 2.350705 1.988680 2.041066 2.179288 1.943802 2.235654 2.186892 1.734705 2.063146 2.136984 1.869974 1.898089 1.846228 1.960689 2.034960 2.034429 1.973313 1.961283 2.002673 2.216958 2.027792 2.143185 2.061981 10.719418 1.873399 1.839940 2.141816 1.956123 2.091485 2.128122 2.113676 2.007438 2.255196 1.928686 2.269046 1.708521 2.225701 1.767044 2.274592 2.016017 2.085968 2.263131 2.015108 2.227565 2.052342 
2.103878 2.238492 2.216759 1.968479 2.217240 2.149426 2.044518 1.854628 1.803996 2.223180 2.305421 2.137913 1.985537 1.978988 1.938980 2.067523 1.889197 2.063642 1.939463 2.017496 1.950623 1.848537 1.962762 2.167693 2.165737 1.889771 2.046706 2.108890 1.873399 10.947861 2.176504 2.163566 1.935138 2.309895 2.092030 2.177519 2.105354 2.194022 2.145329 2.075498 1.940594 2.205055 2.055067 2.064411 1.902133 1.824379 1.900062 2.038788 2.207430 2.049283 
2.278539 1.905580 1.873381 1.958472 2.088237 1.937974 2.106974 2.210055 1.834796 2.216531 2.308486 2.035699 2.029690 2.026348 2.015264 1.990816 2.042612 2.099953 2.320434 2.225382 1.956446 2.124458 2.045162 2.043834 2.105130 1.948589 2.269503 2.087370 1.839940 2.176504 10.791165 1.981962 1.835404 2.152682 2.017815 2.211791 2.056745 2.063432 2.154939 1.787379 2.321944 1.757714 1.941309 2.158536 2.213605 1.946657 2.045454 1.841673 2.163957 2.168486 
1.955378 2.081088 1.798361 1.857375 2.084292 2.202758 1.999465 2.109497 2.046700 2.215712 2.293732 2.043287 2.048780 1.990754 1.990412 2.003568 1.944208 2.121100 2.170198 2.261253 1.983293 1.972033 2.198892 2.120444 2.150809 2.046739 2.016809 2.206471 2.141816 2.163566 1.981962 11.034292 1.875943 1.860119 2.162097 2.346901 2.144024 2.090361 1.785024 1.938975 1.829967 1.895135 1.798717 2.036535 1.864027 1.971055 2.424638 1.911878 2.045906 1.936483 
2.043777 1.935755 1.969102 1.951466 2.293459 2.074289 2.091724 2.003440 1.864749 2.294741 2.033786 1.906491 1.703957 1.771910 1.732048 1.922256 2.045122 2.181750 2.030748 2.162045 2.214051 1.635020 1.747762 2.116263 2.059713 2.062737 2.084723 1.828510 1.956123 1.935138 1.835404 1.875943 11.009195 2.137058 1.858740 1.808223 2.052448 2.170875 2.074645 1.911122 1.942938 1.844377 1.946897 2.124212 1.923015 2.106437 2.226999 2.003279 1.994548 1.821217 
2.098899 2.353314 1.888321 2.292716 2.241095 1.917994 2.143630 2.210965 1.774922 2.285806 2.123086 1.894780 1.863385 2.033775 2.143598 2.011157 1.848059 2.072339 2.126190 2.157228 2.125813 1.987832 1.858308 1.984007 1.968648 1.939720 2.104792 2.362923 2.091485 2.309895 2.152682 1.860119 2.137058 11.214620 2.261967 1.833859 2.037219 2.167023 2.046811 2.018605 2.124337 1.855959 2.263070 1.963271 2.088438 2.306050 1.877257 2.134499 2.079462 2.183961 
2.045985 2.336331 1.826066 1.913319 1.890812 2.451243 1.982529 2.156300 1.970811 2.263144 1.937680 2.063590 1.959165 1.980677 1.937583 2.042033 2.223814 2.074490 1.943014 2.078260 2.227879 1.965947 2.008778 2.203018 2.224687 2.017896 2.118113 2.133804 2.128122 2.092030 2.017815 2.162097 1.858740 2.261967 11.302194 2.443138 1.890225 1.743767 1.857471 1.987522 2.017652 2.043961 2.089056 2.190175 2.032669 2.127416 2.205486 1.864886 2.208832 1.995237 
1.905799 2.264621 1.856331 1.887913 1.999987 2.039388 2.008511 2.008501 1.975849 2.130311 1.927677 2.133642 1.747259 2.001407 1.925021 2.260161 2.097301 2.261198 2.121153 2.074171 1.769332 1.881540 2.234571 1.992614 2.163605 2.127548 1.774752 2.315059 2.113676 2.177519 2.211791 2.346901 1.808223 1.833859 2.443138 11.191387 1.652357 2.123460 1.957792 2.233613 1.999354 2.051133 1.955594 2.113575 1.918050 1.982428 2.185747 2.217543 1.894520 1.843618 
2.163194 2.124217 2.198223 1.715455 1.990360 2.120716 2.112808 1.968487 2.056884 2.286908 2.200786 2.300143 2.109313 2.151790 1.918423 2.038594 1.925231 2.129876 1.862771 2.382803 2.201400 2.210961 1.808929 2.120396 1.824628 1.825591 2.003309 2.095381 2.007438 2.105354 2.056745 2.144024 2.052448 2.037219 1.890225 1.652357 11.248828 2.114916 1.876260 2.355816 2.029369 2.134041 1.977987 2.022917 2.017394 1.923111 2.036010 2.261440 2.240665 2.114864 
1.936236 2.152801 2.045561 1.757665 1.963312 2.176873 2.162739 2.026761 2.019601 2.225425 1.905420 1.939019 2.100023 1.944195 2.091129 1.942652 2.161932 1.922126 2.189040 2.124792 2.162672 2.426406 2.308513 1.951240 2.138360 1.668030 2.336787 2.332844 2.255196 2.194022 2.063432 2.090361 2.170875 2.167023 1.743767 2.123460 2.114916 11.057608 2.049053 2.272176 2.122535 1.928244 1.955873 2.147007 2.013966 2.323176 2.272833 1.925895 2.207305 2.130613 
2.099491 2.004745 1.922094 2.075253 1.861192 2.044037 2.136211 2.088891 2.099984 2.212152 2.107138 1.894560 1.962614 2.065338 2.070746 1.806021 2.076983 1.895422 2.110554 2.031129 2.027373 1.830654 1.733970 1.959884 2.145197 1.702222 2.198354 1.820531 1.928686 2.145329 2.154939 1.785024 2.074645 2.046811 1.857471 1.957792 1.876260 2.049053 10.754177 2.247571 1.911222 1.992934 1.771079 2.093384 1.993648 1.862128 1.881735 1.997298 1.949688 2.210183 
2.050195 2.182356 1.862631 2.178572 2.338069 2.080594 2.236859 1.810387 2.206478 2.180506 2.056347 2.164791 2.099028 2.149328 2.155782 2.033529 2.072023 2.144763 2.165557 2.104333 2.137134 2.250508 2.332070 2.115850 2.210597 2.129355 2.194455 2.353197 2.269046 2.075498 1.787379 1.938975 1.911122 2.018605 1.987522 2.233613 2.355816 2.272176 2.247571 11.213070 2.291102 2.101236 1.910516 2.147324 2.097137 1.901725 2.229031 2.034283 2.237921 2.044691 
2.105485 1.919527 2.125843 1.851661 2.082029 1.965613 2.161922 2.150345 2.040980 2.017557 2.254321 2.280333 2.049850 2.148370 1.830776 2.274349 2.146030 1.851096 2.284627 2.148236 1.772729 2.052328 2.118626 2.058741 2.091500 1.851724 2.026826 2.043800 1.708521 1.940594 2.321944 1.829967 1.942938 2.124337 2.017652 1.999354 2.029369 2.122535 1.911222 2.291102 11.181357 1.845477 2.149221 2.145970 1.991744 2.240193 2.105459 2.165632 1.807399 2.052604 
2.080111 2.276153 2.240758 1.807246 1.792081 2.154698 2.088975 2.240325 2.165455 2.300373 2.010531 2.009549 1.917939 1.946686 2.049213 2.001943 2.370085 1.953413 1.880649 2.035164 2.077993 2.052184 2.256186 1.980693 2.123712 1.847404 2.294267 2.161515 2.225701 2.205055 1.757714 1.895135 1.844377 1.855959 2.043961 2.051133 2.134041 1.928244 1.992934 2.101236 1.845477 11.161016 2.136335 1.843471 1.872373 2.123260 2.104660 1.939556 2.156616 2.048381 
1.821105 2.084315 2.009730 1.935333 2.292969 2.086725 2.112991 2.010542 1.951700 2.250833 2.110461 2.156466 1.846031 2.035146 1.941875 1.924103 1.977471 2.153962 2.038387 1.993767 1.892704 1.917499 2.136406 2.111600 2.178174 1.825643 2.097334 2.113479 1.767044 2.055067 1.941309 1.798717 1.946897 2.263070 2.089056 1.955594 1.977987 1.955873 1.771079 1.910516 2.149221 2.136335 11.146135 2.133284 2.140261 2.098692 1.942506 2.215058 1.991956 2.105297 
2.078780 2.214627 2.214537 2.139811 2.163841 1.986770 2.075609 1.942898 2.187716 2.097503 1.889227 1.870731 1.990711 1.977857 1.860331 2.046215 2.040765 1.937516 2.214276 2.083504 1.952772 2.371264 2.136961 2.167194 1.969590 1.998329 2.065653 2.293805 2.274592 2.064411 2.158536 2.036535 2.124212 1.963271 2.190175 2.113575 2.022917 2.147007 2.093384 2.147324 2.145970 1.843471 2.133284 11.076215 2.071965 2.108911 2.338893 2.117340 2.131896 2.049939 
2.102517 1.869487 2.066679 1.972276 2.118805 2.069482 2.125895 1.755672 1.833183 2.227540 2.239525 2.052299 1.916560 2.177754 2.034453 1.915871 2.168272 2.158391 2.085571 2.136264 1.878647 2.270188 2.004788 2.088973 2.078226 2.047337 2.350187 1.899351 2.016017 1.902133 2.213605 1.864027 1.923015 2.088438 2.032669 1.918050 2.017394 2.013966 1.993648 2.097137 1.991744 1.872373 2.140261 2.071965 11.187876 2.165411 2.460890 2.131125 2.077495 2.148984 
2.059375 1.952059 2.106940 1.915102 2.028896 2.269015 1.996304 1.947533 2.070878 1.975443 2.155456 2.370781 1.952671 2.145376 2.017716 2.346101 2.136701 2.141059 2.110085 2.164970 1.935422 1.968771 2.072964 1.907251 2.208615 2.011755 2.044353 2.209299 2.085968 1.824379 1.946657 1.971055 2.106437 2.306050 2.127416 1.982428 1.923111 2.323176 1.862128 1.901725 2.240193 2.123260 2.098692 2.108911 2.165411 11.115258 2.126709 2.132057 2.290086 2.071587 
1.997028 2.020819 2.022324 1.984311 2.408286 2.073363 2.318174 2.100016 2.158944 2.048190 2.211961 2.149428 2.016702 2.050855 2.035597 2.168832 2.077273 1.768612 2.021348 2.228035 1.682296 2.105890 2.120589 2.056066 1.932943 1.907031 2.359276 2.194914 2.263131 1.900062 2.045454 2.424638 2.226999 1.877257 2.205486 2.185747 2.036010 2.272833 1.881735 2.229031 2.105459 2.104660 1.942506 2.338893 2.460890 2.126709 11.268013 2.113231 2.007385 2.110028 
2.063371 2.086789 1.952792 1.929219 1.951146 2.236733 2.146186 2.206660 1.874272 2.150389 2.062702 1.792716 1.880717 2.030212 2.075599 2.021697 1.862435 1.810831 2.099012 2.107956 2.004833 2.078629 2.004798 2.238330 2.036974 2.156791 2.218652 2.133100 2.015108 2.038788 1.841673 1.911878 2.003279 2.134499 1.864886 2.217543 2.261440 1.925895 1.997298 2.034283 2.165632 1.939556 2.215058 2.117340 2.131125 2.132057 2.113231 11.061272 2.302194 2.197047 
2.160251 1.971817 2.076727 2.022481 2.111447 2.175944 2.190622 2.023551 2.131845 2.168429 2.144827 1.855503 2.068915 2.104936 2.057107 2.035391 2.106086 1.910295 2.288302 2.132072 2.454119 2.018556 2.101980 2.067939 2.030118 1.826490 2.195039 2.212423 2.227565 2.207430 2.163957 2.045906 1.994548 2.079462 2.208832 1.894520 2.240665 2.207305 1.949688 2.237921 1.807399 2.156616 1.991956 2.131896 2.077495 2.290086 2.007385 2.302194 11.183071 2.136415 
2.080625 2.154395 1.942606 1.989466 2.073886 2.111674 2.032374 1.920567 2.120926 1.852393 2.006934 2.062778 1.890154 1.979734 2.095492 2.244772 2.036795 2.150867 1.971108 1.896865 2.099474 2.110270 2.183588 2.111877 2.164011 1.983137 2.310182 2.334862 2.052342 2.049283 2.168486 1.936483 1.821217 2.183961 1.995237 1.843618 2.114864 2.130613 2.210183 2.044691 2.052604 2.048381 2.105297 2.049939 2.148984 2.071587 2.110028 2.197047 2.136415 11.087707 
